hi
next n
next n
next n
next n

 leftist_heap : build time 
 
50000 0.010176 0.009012 0.00924 0.009041 0.009241 
100000 0.016338 0.016344 0.017449 0.0187 0.018817 
200000 0.040211 0.039812 0.041736 0.039629 0.041931 
400000 0.075925 0.075607 0.076676 0.080244 0.082821 
delete and insert 
50000 delete and insert 
0.003568 delete and insert 
0.003404 delete and insert 
0.003342 delete and insert 
0.003482 delete and insert 
0.003454 
100000 0.007606 0.007629 0.007713 0.007698 0.007822 
200000 0.017161 0.017234 0.017035 0.016957 0.016957 
400000 0.040531 0.03924 0.039998 0.039077 0.039178 

 skew_heap : build time 
 
50000 0.014626 0.014134 0.01472 0.014784 0.013963 0.0144454 
100000 0.02821 0.02794 0.033043 0.030587 0.03106 0.030168 
200000 0.072345 0.07136 0.073688 0.069863 0.072686 0.0719884 
400000 0.161525 0.160881 0.165808 0.161052 0.16652 0.163157 
delete and insert 
50000 0.003263 0.002891 0.003031 0.002997 0.003031 0.0030426 
100000 0.008296 0.008218 0.008257 0.008311 0.008459 0.0083082 
200000 0.019418 0.019947 0.019459 0.019619 0.020304 0.0197494 
400000 0.049853 0.047561 0.048163 0.047281 0.047643 0.0481002 
